	PANC754	TP53	KRAS	TTN	MUC16	CSMD3	PIK3CA	CDK2
PANC754	1	-0.0249850633892555	0.0140501420230255	0.0436065555413762	0.0373202984667075	-0.0296202229688489	0.014796861469431	-0.05915753344857
TP53	-0.0249850633892555	1	-0.0105255274646429	-0.030615242498518	0.152235390008573	-0.0799803427630034	-0.0796717237351742	0.139294095434859
KRAS	0.0140501420230255	-0.0105255274646429	1	0.00241394300186476	0.0296099312802925	-0.0180612374475241	0.0869569353665947	-0.0166000820341658
TTN	0.0436065555413762	-0.030615242498518	0.00241394300186476	1	-0.00474127251896959	-0.00814494281225809	0.0340843181554857	-0.0113263287884816
MUC16	0.0373202984667075	0.152235390008573	0.0296099312802925	-0.00474127251896959	1	-0.0414904192281493	0.0136000874884746	-0.000535321307127737
CSMD3	-0.0296202229688489	-0.0799803427630034	-0.0180612374475241	-0.00814494281225809	-0.0414904192281493	1	0.053429460238264	-0.0744874134566109
PIK3CA	0.014796861469431	-0.0796717237351742	0.0869569353665947	0.0340843181554857	0.0136000874884746	0.053429460238264	1	-0.0324537282660498
CDK2	-0.05915753344857	0.139294095434859	-0.0166000820341658	-0.0113263287884816	-0.000535321307127737	-0.0744874134566109	-0.0324537282660498	1
