	6-P-10	6-P-1	6-P-2	6-P-3	6-P-4	6-P-5	6-P-6	6-P-7	6-P-8	6-P-9	6-T-1_1	6-T-1_2	6-T-2_1	6-T-2_2	6-T-3_1	6-T-3_2	6-T-4_1	6-T-4_2	6-T-5_1	6-T-5_2	7-P-10	7-P-1	7-P-2	7-P-3	7-P-4	7-P-5	7-P-6	7-P-7	7-P-8	7-P-9	7-T-1_1	7-T-1_2	7-T-2_1	7-T-2_2	7-T-3_1	7-T-3_2	7-T-4_1	7-T-4_2	7-T-5_1	7-T-5_2	CTT-FFPE-100ng_1	CTT-FFPE-100ng_2	CTT-FFPE-5ng_1	CTT-FFPE-5ng_2	CTT-frozen-100ng_1	CTT-frozen-100ng_2	CTT-frozen-5ng_1	CTT-frozen-5ng_2	NC-P-1	NC-P-2	NC-P-3	NC-P-5	NC-P-6	NC-P-7	NC-P-8	NC-P-9	PC-P-10	PC-P-1	PC-P-2	PC-P-3	PC-P-4	PC-P-5	PC-P-6	PC-P-7	PC-P-8	PC-P-9	PC-T-1_1	PC-T-1_2	PC-T-2_1	PC-T-2_2	PC-T-4_1	PC-T-4_2	PC-T-6_1	PC-T-6_2	PC-T-7_1	PC-T-7_2
6-P-10	1	0.745656095877152	0.723757307354713	0.786075866717042	0.688903814045654	0.760930676883275	0.680715104757836	0.709907311108656	0.725364499277233	0.757671429330736	0.376409363495249	0.388051916321135	0.403025269855704	0.444463536022826	0.566491576579227	0.554845997268741	0.259560489657805	0.246020459165715	0.668792863826192	0.663488805547187	0.754264643231406	0.779649920788936	0.702889362598605	0.740473939013094	0.709649208638223	0.72265837842123	0.74065471786661	0.771795614782994	0.739402536821519	0.685616616977392	0.576703006490416	0.552416007696747	0.431011606732628	0.424707669377105	0.495553236264617	0.474848606267486	0.511170117971023	0.510891263726453	0.623472036709133	0.596977931192529	0.24743776492411	0.252480485597151	0.204857254529406	0.230961482427503	0.303965313739291	0.307791037410787	0.279511818527139	0.305998396690049	0.764143411410293	0.761744881138732	0.798281926819039	0.704991161363483	0.735385084900532	0.721648621353437	0.747368892034834	0.759763824963371	0.708595055962719	0.728256170258447	0.701169912960609	0.70327302959884	0.632365210100579	0.660817860083006	0.726638012476002	0.7247934031989	0.6252544140091	0.686332161960871	0.56296717460558	0.56037446361977	0.407256540756559	0.400127826417251	0.484228604971966	0.475160960775997	0.511076799022074	0.517348412433724	0.435948375279532	0.441120959963152
6-P-1	0.745656095877152	1	0.710028028922649	0.775658684007818	0.680716255950673	0.755523332484145	0.650219100256098	0.697692755459654	0.722860133758915	0.748733240199573	0.370749443039291	0.394130658044436	0.391488199309543	0.444742199810998	0.555291391645575	0.5357398998151	0.249204615486373	0.222832241965803	0.658481479001896	0.654872109658622	0.721504134623796	0.761657492442074	0.68515651586071	0.734114705092135	0.704223234485246	0.709065412136138	0.733094264960536	0.763126613065232	0.737686512977437	0.679239993879599	0.569074808432903	0.542299106384073	0.417086702004028	0.408951096677077	0.491247775686027	0.465284162956502	0.493092139081483	0.498424394931268	0.613105638928031	0.603927981902474	0.225706673931575	0.228775772764803	0.188839818634817	0.210625513357346	0.28037470902331	0.281626502713695	0.252435750716102	0.280741998273527	0.755960119054705	0.74954606424755	0.780240858310765	0.687411572533572	0.718997700033672	0.712919601706654	0.728867353142373	0.740383705624086	0.689224892989315	0.714848118914368	0.690589480586727	0.690015581644721	0.621500816532265	0.660966173747696	0.715053182094909	0.721597416124953	0.613984063141772	0.672236284732836	0.54515474461539	0.532108316946565	0.392065014112592	0.393290187272776	0.471104096245777	0.464885490124521	0.497215544714484	0.493841652891341	0.430914508982862	0.434952093392328
6-P-2	0.723757307354713	0.710028028922649	1	0.754851157620452	0.65954823941461	0.725734482111879	0.646096169630078	0.679021388871357	0.701747776821566	0.725569640275269	0.360830776380105	0.379158375781255	0.404975083987266	0.45113990109616	0.540953103090846	0.535651883570255	0.255715447824235	0.239437781398211	0.659303634408	0.639778389509623	0.713740326262658	0.739538076211371	0.671151245627765	0.710213135516565	0.696849756433808	0.713087845556741	0.72145592754972	0.729567302677753	0.720499095714338	0.668023505639515	0.551920821748146	0.54319965455051	0.410089234258994	0.405845603848937	0.476124760527527	0.461735226183917	0.488819621185446	0.488713312520613	0.59978504487042	0.570954578844212	0.23175146214093	0.234344755235537	0.193532861844245	0.218040209615366	0.286130472845678	0.285364749299679	0.262564342759698	0.279406183446799	0.73591528808076	0.722660097194885	0.763359800220826	0.668577479269675	0.706250245417656	0.689058761854675	0.710516006933591	0.715393857056323	0.675202797384801	0.693389784255815	0.668410343951838	0.678466957762606	0.620873244214118	0.643035850095493	0.696190073446709	0.709713665911856	0.598755651037998	0.6554827556164	0.538266676605444	0.542666409376745	0.40005834920256	0.394475895491322	0.467365858937757	0.458535318420354	0.491477756804936	0.495157587788005	0.424880253949041	0.428955363516224
6-P-3	0.786075866717042	0.775658684007818	0.754851157620452	1	0.716599047790377	0.795233567994551	0.688128254073935	0.755266742729614	0.751564417477354	0.782575677544336	0.39772520139651	0.413257559437027	0.414032785491332	0.465219699594246	0.613897462555839	0.591023070812612	0.270757035289872	0.249163809929955	0.7104828290003	0.706512249964902	0.769413544236519	0.824896106777675	0.724642144763823	0.778442091607499	0.734925715998178	0.753125782739544	0.780560969325762	0.794567849208795	0.774404464664731	0.723819804910033	0.611020350762946	0.583087454371338	0.448498271550857	0.450391038904691	0.530907889201018	0.500528179840029	0.540860335713279	0.534523313834712	0.665626789551041	0.642938463553664	0.253949167691941	0.256095128415732	0.203897349816813	0.225316295678446	0.31363772717194	0.317029992282199	0.2682205380643	0.300854026150727	0.819769970627321	0.805734317604865	0.854934536765532	0.737448375094962	0.780077146094638	0.778215440908076	0.767086189781044	0.79292523858104	0.736869206868602	0.759824888219796	0.728475410561646	0.741089168352373	0.667295918344512	0.684873924958671	0.774683845780892	0.758778121849165	0.644900153892624	0.709931407077578	0.585186597654459	0.578145160239955	0.436184386733049	0.411525369876106	0.506499834637852	0.494366095809825	0.532641946805816	0.53326774709688	0.45669543248799	0.466055348121864
6-P-4	0.688903814045654	0.680716255950673	0.65954823941461	0.716599047790377	1	0.700423399619372	0.608317510986546	0.663974410185762	0.663904672639716	0.685231512221077	0.379912039266385	0.392625852633941	0.409216443748487	0.46569813738899	0.553489632539747	0.537092241423634	0.2770922924675	0.250927405219174	0.642097281714414	0.643891818081379	0.686974137886523	0.718360205545124	0.654742099612986	0.678252417474447	0.65201239785012	0.663051965376192	0.686493920374765	0.698312947899997	0.675697406271041	0.63009066575743	0.580668188179781	0.559821068526224	0.43724878931257	0.437344831405368	0.483863600399356	0.468518851716141	0.505229249547234	0.49643191311003	0.607116601601937	0.58455975599972	0.240505722213555	0.243756516965886	0.195348947682873	0.221033570962047	0.306090791303573	0.29682268326596	0.264144994625422	0.299449455971193	0.712094255420039	0.710349744764393	0.731027829210136	0.646596519368992	0.695629516443168	0.680327349778579	0.667291499677689	0.688907478967603	0.667175222898053	0.6685792903751	0.661599688747671	0.654358191243057	0.604122584052885	0.63177153024708	0.672885049892596	0.680535707573195	0.609601569834182	0.628544459733442	0.571239219639012	0.560952611598138	0.417817420253428	0.41335924185755	0.491451336068889	0.472308773238427	0.526078297293635	0.519968411941847	0.4530344146843	0.454682240369201
6-P-5	0.760930676883275	0.755523332484145	0.725734482111879	0.795233567994551	0.700423399619372	1	0.68979399712245	0.722036537612937	0.72560386731374	0.755875815362174	0.371727241080946	0.384325755155838	0.404126801015446	0.460708627592816	0.567736505095368	0.550181915695112	0.250309597651656	0.228828870359215	0.682889491029486	0.679231314617893	0.752996232878776	0.796070753962149	0.702485987959784	0.745027345776016	0.710398937027006	0.725044677799573	0.738796765328718	0.771414183986298	0.75322743136512	0.687438998208694	0.578326543253051	0.553501008822219	0.424267950434382	0.425664458574258	0.498915799048019	0.474746249569901	0.511187865666346	0.504618843918505	0.628534217535404	0.609326535791382	0.231105244363732	0.23106319037969	0.195524341079929	0.210822251476637	0.289400071068542	0.290850531153675	0.252719979133927	0.285380047352871	0.783697166011395	0.771210708957436	0.799038079981245	0.707952745518283	0.745276528049355	0.738547597470545	0.754526361100901	0.756536400759109	0.714092668998201	0.740824224701697	0.712592529559187	0.703055790981549	0.638650507725341	0.642898079209696	0.736954318720917	0.733069881693667	0.623421659322242	0.676809193803356	0.572922061903946	0.559505950837133	0.411927129898466	0.404622838752299	0.489925887800952	0.472647776430008	0.515627854542942	0.519987012686343	0.438834538655191	0.443232604165964
6-P-6	0.680715104757836	0.650219100256098	0.646096169630078	0.688128254073935	0.608317510986546	0.68979399712245	1	0.65573054453151	0.666692474791234	0.659113586155398	0.320877869511632	0.341454788086683	0.368737818108354	0.397375143874493	0.505582798320293	0.492497141950732	0.223125193509963	0.212016672928097	0.591361292385259	0.603203033761671	0.662885637683437	0.695284240756998	0.62658059135525	0.644102374254928	0.633085753526015	0.652279116645938	0.66759997118332	0.690179003570823	0.653974823813018	0.589467786078287	0.530244814480733	0.49320824051307	0.384058517274852	0.378581847091101	0.445327142164196	0.427459872983989	0.450410248234797	0.458935203292061	0.557214026069053	0.537060316984298	0.208196601632568	0.213275980326365	0.18264876696274	0.197636021626783	0.257701644009302	0.260489418362391	0.252434544087844	0.262180408783458	0.687431937142986	0.678071850103522	0.707034649230857	0.628874599335821	0.653987750135776	0.670687567537823	0.663944156692018	0.686010392779401	0.627750374800344	0.650757336787714	0.623842536230689	0.625357411808113	0.555808789872771	0.594895186915496	0.650579103451534	0.64664194377929	0.545161727429106	0.610626717944261	0.498915509935071	0.5032434904637	0.369206775333924	0.356513776695004	0.433442838820147	0.432199330095832	0.455023860336755	0.45511372262271	0.400411151056381	0.394775392609034
6-P-7	0.709907311108656	0.697692755459654	0.679021388871357	0.755266742729614	0.663974410185762	0.722036537612937	0.65573054453151	1	0.698449456031799	0.711680234081595	0.368369704703485	0.388228646925473	0.392963614495779	0.444750006435491	0.545242994230941	0.527392074767291	0.262504291278383	0.252749516666189	0.642566282264814	0.634699251244085	0.701869991602777	0.730799859326154	0.666679598301828	0.704506530326698	0.680852412452121	0.688295949940982	0.708537833724453	0.712967621056376	0.696483826503411	0.653094860360343	0.564855291056936	0.537554145107584	0.419067900018213	0.416897771803116	0.486343553218035	0.474376254616496	0.492997123340615	0.495596328027883	0.60961598407393	0.577377654204271	0.245599259996849	0.244632975358249	0.208534652351346	0.22932647271429	0.291633833503261	0.29362309768358	0.271014780894191	0.293736395069397	0.725670329606561	0.727048371795644	0.757297416366358	0.675764604744657	0.700964002661963	0.699122743017272	0.695293568208681	0.717993305876882	0.658367995413149	0.689402144682634	0.676597672088906	0.673686376754211	0.607136146874961	0.639469530486466	0.680292271546031	0.693884346457794	0.599338083324406	0.654083550731665	0.5520702556281	0.546982012655706	0.405662593222792	0.392327431041048	0.472747026445045	0.461267646158184	0.504399671101251	0.502495617139295	0.433346752459912	0.44081940522912
6-P-8	0.725364499277233	0.722860133758915	0.701747776821566	0.751564417477354	0.663904672639716	0.72560386731374	0.666692474791234	0.698449456031799	1	0.716749785030987	0.344896873729037	0.359390046937337	0.390809921718334	0.414778432217067	0.533995637406508	0.526198725330508	0.241494274072399	0.229465644739578	0.638092714586137	0.620444948989301	0.71299538612289	0.739780460626183	0.687920533243492	0.710935614682181	0.683606717118247	0.713846423154935	0.713701108762645	0.735274613026987	0.708175250170919	0.653696692501894	0.542391213227434	0.53327454475543	0.411049822503738	0.41081079615032	0.468389784298433	0.454149561076972	0.481663968889325	0.486631686201456	0.591916600145509	0.568723723682252	0.22784944567612	0.223424313183129	0.200728341226398	0.218612762543741	0.273250118811545	0.277624630602961	0.261427758771616	0.279994377832255	0.738616772208203	0.730120972287123	0.757953764728453	0.672320878126572	0.711246269176077	0.707744373286857	0.716392805477344	0.724081020338979	0.678330305351517	0.697316773151844	0.680682346653433	0.688858299053792	0.609107992181321	0.637607450603387	0.702842445311097	0.70084279619747	0.597168557499147	0.660036597284466	0.533700220374941	0.540814242554456	0.386266266269222	0.385759613166965	0.462343480870947	0.455669662715984	0.481228339597328	0.485300747931864	0.40810246955865	0.412706338940165
6-P-9	0.757671429330736	0.748733240199573	0.725569640275269	0.782575677544336	0.685231512221077	0.755875815362174	0.659113586155398	0.711680234081595	0.716749785030987	1	0.38423273945884	0.401719464313095	0.398037081546591	0.448389598207048	0.574278791059221	0.558942411407484	0.257424109858448	0.239930506620232	0.665713829630318	0.66849015497596	0.743745886035716	0.771110586169301	0.704530407915835	0.741657923587462	0.715519620739423	0.711532422996357	0.749382323434082	0.770911680475498	0.736791541544494	0.694525467644665	0.578615138651202	0.553275280886597	0.434735482956528	0.431144420632288	0.500866089057302	0.471085268066614	0.513003744352924	0.507676847018077	0.624175085389703	0.609500104283534	0.245580830118155	0.2460262295462	0.200060512943173	0.225758894570994	0.304994012870507	0.301420305128654	0.265968905250832	0.295764133064717	0.771140410844097	0.765292316441527	0.795500588838224	0.692830435176573	0.736218239137766	0.735348272136155	0.753748551938179	0.748648208765693	0.696474067874947	0.729715572745676	0.702325092145137	0.704118528462645	0.639272017509793	0.662502152733436	0.720188540839613	0.733165984396257	0.621974790480485	0.679243492713952	0.564231646308789	0.550551234251458	0.41266898526275	0.393667240964313	0.484155775958225	0.472434595630231	0.52184003660852	0.512221577127491	0.435175743728729	0.453270526783326
6-T-1_1	0.376409363495249	0.370749443039291	0.360830776380105	0.39772520139651	0.379912039266385	0.371727241080946	0.320877869511632	0.368369704703485	0.344896873729037	0.38423273945884	1	0.728597468587089	0.349053140116798	0.392480318720993	0.544116929362853	0.536081197916646	0.555343978761919	0.507222544087614	0.47124430349238	0.462574569787387	0.373876009053936	0.390181775877533	0.354384129486136	0.374189872873724	0.380419128815373	0.349806969854363	0.360767605146324	0.376643510471058	0.370342009766856	0.370884350421151	0.442761298126283	0.417533493790959	0.506561332334301	0.496668811541285	0.458037556089344	0.450257944973258	0.49364286708218	0.479444869766175	0.455696823838206	0.441607012237681	0.547374793609362	0.550132875458718	0.444710964001702	0.482160258213235	0.601113135424673	0.596405210314926	0.514962540504524	0.570055879139202	0.395985971720707	0.407133286881126	0.396589861403818	0.372502805815588	0.378869873965521	0.377359479989025	0.373809608261015	0.385916819575926	0.397208438782611	0.375137944796658	0.384771599750235	0.3491876499933	0.372613968462783	0.358018651181909	0.3752152089754	0.373013623682555	0.364102831972809	0.360980801608021	0.477712891199637	0.444807155456051	0.54257435588119	0.52725854827304	0.492565300833179	0.512908352594876	0.495109076185018	0.494229365960157	0.512580635366758	0.525194334116603
6-T-1_2	0.388051916321135	0.394130658044436	0.379158375781255	0.413257559437027	0.392625852633941	0.384325755155838	0.341454788086683	0.388228646925473	0.359390046937337	0.401719464313095	0.728597468587089	1	0.354262166893773	0.40854948276918	0.56187280574535	0.549125961180131	0.55381559057807	0.515489582299591	0.484583688007776	0.486148996156347	0.392552793162928	0.405650547289158	0.374990953506934	0.392634642555278	0.403972299838734	0.367880129880335	0.376683414398444	0.396470201860873	0.390527233454204	0.377363918773643	0.46946987683288	0.43929112863707	0.514663097180391	0.513911937910006	0.482085578140425	0.45607312947253	0.507817468722397	0.48897531907078	0.481653176424989	0.475603884756266	0.552178994027198	0.560692872754836	0.454312711690297	0.490142470898498	0.606846081477853	0.601682411126071	0.517411115444342	0.571284724426117	0.417208566457646	0.42459793561882	0.413907913517936	0.387718333614472	0.398931779645682	0.391495734607647	0.377953402995839	0.399606051336345	0.416977836348788	0.388940001296999	0.407357500338968	0.365952053903736	0.395143119654188	0.37857474020787	0.384711470852102	0.395699507557042	0.384180209888581	0.376595548611098	0.505184944186716	0.465120995892117	0.568694137991047	0.541027913109697	0.502262236641719	0.521004718682995	0.524892719007406	0.521423076193085	0.530593130132514	0.546114438962718
6-T-2_1	0.403025269855704	0.391488199309543	0.404975083987266	0.414032785491332	0.409216443748487	0.404126801015446	0.368737818108354	0.392963614495779	0.390809921718334	0.398037081546591	0.349053140116798	0.354262166893773	1	0.705129124564223	0.391721857953342	0.393432247331035	0.287401093728298	0.270315746648728	0.477653359128985	0.478592766861695	0.405025770799166	0.412097424082173	0.398317749267547	0.406511491665741	0.387500823272037	0.389853196701671	0.38616684614814	0.400165282783511	0.399515681025081	0.393180960563036	0.527894814476112	0.50638995147431	0.370399968552108	0.356967545165924	0.405741658815057	0.408108514241358	0.414515833124157	0.409907833316434	0.45547088185412	0.451382189320655	0.214619464715749	0.219805871296269	0.164791499897151	0.192073818273178	0.26201864556209	0.263146899747024	0.242957233410155	0.260756721841601	0.418896974189263	0.417584742792891	0.425859592707532	0.376004953586587	0.403061414708494	0.39743071210982	0.392778919799201	0.415148472057528	0.400338718872956	0.389605490951753	0.423459700255213	0.38909659231652	0.396065231109385	0.396185987483307	0.393831150485198	0.395790999225253	0.405146311429484	0.380680123975548	0.520308081095951	0.515764477373048	0.411399628421585	0.410334590522688	0.445634535895923	0.44785635885234	0.476739161866298	0.474114161671364	0.46909521374683	0.461896801670431
6-T-2_2	0.444463536022826	0.444742199810998	0.45113990109616	0.465219699594246	0.46569813738899	0.460708627592816	0.397375143874493	0.444750006435491	0.414778432217067	0.448389598207048	0.392480318720993	0.40854948276918	0.705129124564223	1	0.448378678197519	0.433779835526154	0.319706798039531	0.276698422708786	0.546992665182819	0.55848356045629	0.453991794358512	0.46456292460861	0.436467388862808	0.457635415805802	0.444611847440096	0.423405509443834	0.426551783190336	0.447010843083469	0.452121485977979	0.447228434261207	0.612919652636322	0.574254653458814	0.421707334139456	0.418989174468981	0.467456325498399	0.440719481059358	0.473356720127384	0.457862083837537	0.536209668558696	0.534742932155132	0.233259480805466	0.242574805266093	0.17093122137585	0.19493252470909	0.293212283678343	0.294128382075222	0.239305320656543	0.267801201059166	0.480980433853879	0.475797638729965	0.483073622920064	0.421975639317279	0.462999515162467	0.440576012497179	0.433365701485966	0.451609859840827	0.458482687756868	0.446278190057986	0.470545913799207	0.43783520949369	0.443112116357037	0.441892194234446	0.446317329258613	0.455720199262702	0.446463601056892	0.428915922932757	0.59036847031597	0.540916390309905	0.479240006868672	0.456863484738902	0.506840477308265	0.48369151378557	0.55529322807164	0.552848942243174	0.518882066366546	0.527106698624803
6-T-3_1	0.566491576579227	0.555291391645575	0.540953103090846	0.613897462555839	0.553489632539747	0.567736505095368	0.505582798320293	0.545242994230941	0.533995637406508	0.574278791059221	0.544116929362853	0.56187280574535	0.391721857953342	0.448378678197519	1	0.678889680829661	0.436854095507376	0.390158006133908	0.602872316116712	0.617696700940564	0.565780277458496	0.600676878807057	0.539769195660679	0.565201792689053	0.560593732871678	0.544238975144299	0.554442787498675	0.579050198727908	0.559679071781846	0.553027165957035	0.559467189590172	0.514900687762176	0.538763256765818	0.530919265469368	0.544647201618772	0.507300577362241	0.565301667663107	0.540676372734276	0.594095076218295	0.569433065987469	0.425365202803821	0.445206006169502	0.340960039419916	0.375645913563763	0.493373989024187	0.493460811621959	0.411834434844531	0.461119832797857	0.604096481910906	0.612104181444143	0.618132703285171	0.562568991645246	0.570258112868118	0.562344641261251	0.560652799732337	0.5851852882126	0.566793824530513	0.549637100982055	0.576202591113489	0.544175542894749	0.523948760004781	0.531552544632939	0.562211456799215	0.559812507927987	0.513930099137936	0.535419398165387	0.566405596628769	0.528182812768423	0.535712145433395	0.499808065954635	0.518366060812813	0.516783175914758	0.558419299913334	0.562803340341864	0.517627036393046	0.525377075350229
6-T-3_2	0.554845997268741	0.5357398998151	0.535651883570255	0.591023070812612	0.537092241423634	0.550181915695112	0.492497141950732	0.527392074767291	0.526198725330508	0.558942411407484	0.536081197916646	0.549125961180131	0.393432247331035	0.433779835526154	0.678889680829661	1	0.432754579650826	0.399315906575599	0.595043977559621	0.582501911724317	0.554304876003476	0.583275014181489	0.529030906753495	0.555163562478437	0.545616693926193	0.538867932322154	0.540935472743769	0.55837032684412	0.544452025883271	0.529843666725925	0.534563645870209	0.513637793722208	0.522535849096339	0.523560974965918	0.523422284272492	0.517361853282816	0.549227919464156	0.542717177426748	0.564953596608191	0.548274965963828	0.430642955306551	0.445676638617366	0.341848273548587	0.383915802003191	0.48748225297533	0.492318333131676	0.417957080894754	0.468552585140206	0.591868791154315	0.590825341053883	0.596292780226625	0.545568595212369	0.564653029935541	0.556600820581006	0.55303801045879	0.573027246530968	0.563115866811832	0.543048463921152	0.566063074114555	0.530163633940431	0.516920078908132	0.51993540989376	0.553647339406045	0.547460987894393	0.50758987453198	0.528648744329111	0.557490485163268	0.544440834901591	0.524895729369936	0.507741383133578	0.534016657816504	0.518620626648557	0.541106634361638	0.549473716014178	0.510156054640653	0.51496165728434
6-T-4_1	0.259560489657805	0.249204615486373	0.255715447824235	0.270757035289872	0.2770922924675	0.250309597651656	0.223125193509963	0.262504291278383	0.241494274072399	0.257424109858448	0.555343978761919	0.55381559057807	0.287401093728298	0.319706798039531	0.436854095507376	0.432754579650826	1	0.656494238788394	0.35572574737823	0.35211263709917	0.259289488928818	0.258556630826258	0.252207899196629	0.260421391167033	0.273756989386659	0.24340446522229	0.25093333636146	0.252913187541559	0.257494618577217	0.251739305446992	0.346263444878663	0.335693922585992	0.442845617976067	0.437106631762806	0.395979998248328	0.385048228145379	0.423904617218343	0.414892937440868	0.35212696509496	0.353744856687608	0.55002082896477	0.553404662442142	0.462832762040056	0.489108895950784	0.5798692204799	0.575320656584502	0.50636198113532	0.556234201505629	0.277501951166157	0.280084271002768	0.268146415109676	0.262935615021475	0.260397226389264	0.257620956373263	0.252645690358823	0.260980738043582	0.2865149739212	0.256867524312263	0.281764203828081	0.252987081711807	0.275288273848947	0.263164883641296	0.257960771302388	0.267322430525474	0.263418860331361	0.259748267178879	0.378867634134757	0.356588778308096	0.504896980916691	0.489595722351364	0.462357592954653	0.471237582438087	0.416713939177803	0.414066295595569	0.453246181955733	0.464959535178103
6-T-4_2	0.246020459165715	0.222832241965803	0.239437781398211	0.249163809929955	0.250927405219174	0.228828870359215	0.212016672928097	0.252749516666189	0.229465644739578	0.239930506620232	0.507222544087614	0.515489582299591	0.270315746648728	0.276698422708786	0.390158006133908	0.399315906575599	0.656494238788394	1	0.322655897756571	0.314214240939137	0.23715142565682	0.235053257606617	0.232765645051355	0.240656222919686	0.257448723437347	0.2325995872948	0.234896371178257	0.227377358291209	0.23482043490106	0.228808021478348	0.302369128432544	0.29959238658829	0.404929114465333	0.401589985951728	0.358564737445609	0.374007921416923	0.393824991957861	0.393260793483788	0.308932879475035	0.305846073952379	0.541961398202383	0.539544847343398	0.479849028565412	0.510770606878007	0.558320935531071	0.556200663656991	0.534592869871234	0.558064765969076	0.248928675109177	0.246745999370994	0.239628956026303	0.243260396126345	0.234159350761413	0.241564690139718	0.227896375386783	0.244335201148245	0.265859143707128	0.238014186225409	0.246575062531304	0.221706769146425	0.253403067804612	0.236707279992766	0.2420313963794	0.240717504154131	0.241784999665787	0.236549312429856	0.334158481526973	0.342382158426326	0.450406382873021	0.470042026100925	0.44029637621038	0.461192056214295	0.369062041608717	0.370308221306487	0.426327174090124	0.41597301245832
6-T-5_1	0.668792863826192	0.658481479001896	0.659303634408	0.7104828290003	0.642097281714414	0.682889491029486	0.591361292385259	0.642566282264814	0.638092714586137	0.665713829630318	0.47124430349238	0.484583688007776	0.477653359128985	0.546992665182819	0.602872316116712	0.595043977559621	0.35572574737823	0.322655897756571	1	0.742146749606562	0.67135188422884	0.709699532334981	0.631845472247212	0.675029235582765	0.647481800238894	0.646609341087841	0.64660441249192	0.680639249049313	0.671964800491786	0.629713167648603	0.651809925565469	0.614724843250574	0.50469858602918	0.50576816844998	0.583188353486493	0.547355068507798	0.59437705243621	0.571284082352115	0.694456663213878	0.664542552314001	0.312904558091967	0.314195820553973	0.235538195253762	0.261698434388264	0.377026664413204	0.38234362747099	0.31571381287719	0.360240822836746	0.725663247871174	0.727860220307171	0.727942584757997	0.660359349561051	0.671980493268226	0.681189427562233	0.664393921281609	0.680302405194857	0.67419884479347	0.656472239888848	0.662599752257664	0.633212742031853	0.603860658386617	0.612892500403866	0.656780975222104	0.665235253799081	0.594073005227333	0.618847327350311	0.645832248644257	0.613768234250962	0.514176406157422	0.489511919953896	0.562541955407093	0.554159715752132	0.593832541977089	0.603255268180658	0.540098625458994	0.549259143674864
6-T-5_2	0.663488805547187	0.654872109658622	0.639778389509623	0.706512249964902	0.643891818081379	0.679231314617893	0.603203033761671	0.634699251244085	0.620444948989301	0.66849015497596	0.462574569787387	0.486148996156347	0.478592766861695	0.55848356045629	0.617696700940564	0.582501911724317	0.35211263709917	0.314214240939137	0.742146749606562	1	0.669846582879616	0.713602489600015	0.624736445733529	0.666724918596541	0.636343554211906	0.632035800745756	0.646370647606812	0.67336716072631	0.657846540025403	0.635314246167043	0.659099095514395	0.616642693080207	0.507894670433652	0.502525001799123	0.578143757786706	0.534858891867795	0.597010370851637	0.567924298098266	0.686563530663051	0.675000382902681	0.301589062996791	0.312152027939312	0.232098707027024	0.258006982525354	0.369654048322083	0.379123174326498	0.314001226991991	0.343180184888167	0.728351944523358	0.725436113386926	0.733175690993378	0.659019189800926	0.680685387294543	0.68087561835188	0.666342086704081	0.682850185357498	0.674886864266554	0.647527349303107	0.662071940036236	0.632027254150332	0.597595307911724	0.602786412520024	0.653519145562369	0.668104693905485	0.59257271475824	0.6194578672717	0.643108535162704	0.606651338835582	0.525359333010414	0.482662650346132	0.55154666539015	0.54417271086574	0.601134359478984	0.607116664707789	0.525512423194535	0.550052593366198
7-P-10	0.754264643231406	0.721504134623796	0.713740326262658	0.769413544236519	0.686974137886523	0.752996232878776	0.662885637683437	0.701869991602777	0.71299538612289	0.743745886035716	0.373876009053936	0.392552793162928	0.405025770799166	0.453991794358512	0.565780277458496	0.554304876003476	0.259289488928818	0.23715142565682	0.67135188422884	0.669846582879616	1	0.781417863006421	0.68423489631851	0.727137371456379	0.697219730116801	0.7116495229612	0.719919709146521	0.744690525032835	0.735530446649503	0.680327112524345	0.589998256969981	0.554272176415725	0.43120754622616	0.430620850643067	0.506494796051285	0.485665761312293	0.513687085084644	0.505273268364081	0.625744196855266	0.612645046272021	0.237036181291512	0.247243836431701	0.194506567093099	0.216893315055124	0.297608812599775	0.298463480463467	0.260679266307311	0.287629471343907	0.767473038817191	0.765509595546891	0.7856183326354	0.69119720237639	0.728473284157044	0.719489190985748	0.727961750329323	0.74997995424789	0.689055445367397	0.729975816574696	0.705408302657066	0.688354684623333	0.628572851136778	0.660340154940155	0.715827639780924	0.723387446827091	0.628105527321453	0.668144887922635	0.579972672077217	0.556541543607161	0.418166658062249	0.402360325533366	0.478628173854601	0.474635516076001	0.516684300058977	0.518130358000419	0.432327220691714	0.448645582268279
7-P-1	0.779649920788936	0.761657492442074	0.739538076211371	0.824896106777675	0.718360205545124	0.796070753962149	0.695284240756998	0.730799859326154	0.739780460626183	0.771110586169301	0.390181775877533	0.405650547289158	0.412097424082173	0.46456292460861	0.600676878807057	0.583275014181489	0.258556630826258	0.235053257606617	0.709699532334981	0.713602489600015	0.781417863006421	1	0.717019640757242	0.775688360097978	0.720826861804448	0.751178874794658	0.75303088888088	0.792365330354941	0.764937117266661	0.72559316556683	0.62378916718103	0.585260418036548	0.449487643386297	0.447308198990297	0.530107984221713	0.500194381477139	0.543103212816011	0.532550957999419	0.665789416364625	0.648302865119015	0.239452075979112	0.247003243737594	0.191276047716385	0.211626865434359	0.304696031146091	0.304259815659447	0.261601155051375	0.291972601653936	0.831176689369157	0.815906626896165	0.846564951792815	0.743347087625891	0.768606148905686	0.773356146354442	0.77158841680009	0.795930745014305	0.735810995834909	0.761234825705263	0.735227129972649	0.729219950351275	0.654799490574502	0.67358999252775	0.757058659274724	0.757311425133996	0.64228655869891	0.705050299838471	0.595234025928842	0.580505100916493	0.433255711641405	0.409991215976837	0.508100173006617	0.492893235160311	0.535079396392244	0.535079752961507	0.451694268398008	0.460665830725325
7-P-2	0.702889362598605	0.68515651586071	0.671151245627765	0.724642144763823	0.654742099612986	0.702485987959784	0.62658059135525	0.666679598301828	0.687920533243492	0.704530407915835	0.354384129486136	0.374990953506934	0.398317749267547	0.436467388862808	0.539769195660679	0.529030906753495	0.252207899196629	0.232765645051355	0.631845472247212	0.624736445733529	0.68423489631851	0.717019640757242	1	0.706140420325506	0.6609108619348	0.671578538816795	0.703215774179987	0.698625473734565	0.688342372351376	0.644111703216688	0.56135141984707	0.537945576843144	0.418387188208579	0.417445334667742	0.46806515512263	0.456050355016579	0.492275739445469	0.483487539750913	0.593062860459056	0.564445326065664	0.234589352312547	0.235992368705239	0.193786411060081	0.214281833448897	0.288637316412855	0.291713916762211	0.257432713738701	0.286805199810741	0.705585433380113	0.705871667762072	0.734736640235376	0.650397932665543	0.69599575777252	0.680332663679306	0.680068371853102	0.696692560367504	0.651338348803466	0.679483815229489	0.659446096965712	0.670211714449244	0.613759062261232	0.632773740444015	0.671369583818806	0.691295881818391	0.581650662343972	0.627572466458559	0.534618341790137	0.543444702411098	0.40236986611934	0.395092765665675	0.468213949184494	0.462900372739828	0.491447507597517	0.50353822964052	0.426993649177374	0.433263474405713
7-P-3	0.740473939013094	0.734114705092135	0.710213135516565	0.778442091607499	0.678252417474447	0.745027345776016	0.644102374254928	0.704506530326698	0.710935614682181	0.741657923587462	0.374189872873724	0.392634642555278	0.406511491665741	0.457635415805802	0.565201792689053	0.555163562478437	0.260421391167033	0.240656222919686	0.675029235582765	0.666724918596541	0.727137371456379	0.775688360097978	0.706140420325506	1	0.689390828510288	0.714513755129995	0.734033354709534	0.747864195097622	0.733885160370071	0.680395766280963	0.599379367847592	0.57408556760354	0.439603300232743	0.430069788527197	0.512982729568902	0.485706073007097	0.512682950843702	0.515203582671108	0.636934443068757	0.607522460639112	0.240006555090423	0.243068016082004	0.19667396604604	0.219300108972363	0.297454865786121	0.299435542502134	0.261255936482065	0.296196252781314	0.764440591512389	0.754651172916853	0.792601894306982	0.689006516746162	0.732816797341698	0.722751847569746	0.734415266378905	0.747001251864655	0.691824698597678	0.734727873007735	0.699538121241912	0.692960691766167	0.64053753041377	0.6555880074669	0.710343095390552	0.723702060734886	0.608234743808099	0.669784487866916	0.562784749960569	0.551984506259514	0.413732671774263	0.404137820842011	0.48917455601593	0.48435447019005	0.52207615554691	0.520229525114922	0.443519822953923	0.446941434755706
7-P-4	0.709649208638223	0.704223234485246	0.696849756433808	0.734925715998178	0.65201239785012	0.710398937027006	0.633085753526015	0.680852412452121	0.683606717118247	0.715519620739423	0.380419128815373	0.403972299838734	0.387500823272037	0.444611847440096	0.560593732871678	0.545616693926193	0.273756989386659	0.257448723437347	0.647481800238894	0.636343554211906	0.697219730116801	0.720826861804448	0.6609108619348	0.689390828510288	1	0.680527496994319	0.698628225219175	0.71572412804671	0.691879175714441	0.652591646354573	0.576773143142921	0.548666973333695	0.444844884797915	0.436485421182213	0.495941132721009	0.475289678799619	0.515751889609793	0.513446296170936	0.605647626672741	0.584863844053545	0.258337061292478	0.265198127059078	0.221375117158242	0.239256817366621	0.31304956629188	0.314379726732527	0.278882283224914	0.306867896902485	0.707762225049603	0.710262098585897	0.737832031715809	0.659577936782755	0.688737137683714	0.670978283535851	0.68427770561263	0.704165692384843	0.664231707368976	0.690718380693324	0.661667577973472	0.666808046633343	0.601077560117764	0.633966332496067	0.68114139604278	0.689348219274305	0.580253301582025	0.648801882216543	0.552547742601356	0.5521986881275	0.42086435643348	0.41243696240677	0.477628443964113	0.481014908741767	0.512686795690052	0.512687410522623	0.449842295388197	0.461789615598403
7-P-5	0.72265837842123	0.709065412136138	0.713087845556741	0.753125782739544	0.663051965376192	0.725044677799573	0.652279116645938	0.688295949940982	0.713846423154935	0.711532422996357	0.349806969854363	0.367880129880335	0.389853196701671	0.423405509443834	0.544238975144299	0.538867932322154	0.24340446522229	0.2325995872948	0.646609341087841	0.632035800745756	0.7116495229612	0.751178874794658	0.671578538816795	0.714513755129995	0.680527496994319	1	0.718690604534423	0.728277254336021	0.706770314805596	0.652207195814877	0.541033516555437	0.532245175006717	0.407209460306237	0.402169456745833	0.467444595944905	0.457645367981657	0.477303166243677	0.479718461625919	0.602005250939833	0.581050867691046	0.227844335900476	0.230719136448666	0.201126926066292	0.220133415002453	0.280320773794184	0.280113281003765	0.264485291126773	0.285948074487819	0.729376971048329	0.731607828845101	0.761407157172736	0.67502014840382	0.708308216220318	0.70696707264755	0.709162830809866	0.724970317553612	0.690245681771405	0.714068098378437	0.664363602856938	0.685470605641345	0.621567429650896	0.642190865068561	0.704875444644532	0.713280748678999	0.594191375931443	0.655156071624801	0.530697833263383	0.549054505763176	0.381796613863799	0.380742781692885	0.461138627521176	0.456340983408973	0.485880071778378	0.492515058687576	0.417486529160904	0.425314617787456
7-P-6	0.74065471786661	0.733094264960536	0.72145592754972	0.780560969325762	0.686493920374765	0.738796765328718	0.66759997118332	0.708537833724453	0.713701108762645	0.749382323434082	0.360767605146324	0.376683414398444	0.38616684614814	0.426551783190336	0.554442787498675	0.540935472743769	0.25093333636146	0.234896371178257	0.64660441249192	0.646370647606812	0.719919709146521	0.75303088888088	0.703215774179987	0.734033354709534	0.698628225219175	0.718690604534423	1	0.739481242835003	0.727703085788678	0.671253278108669	0.564070730216364	0.529949482949039	0.41430616077053	0.412256657513569	0.483415066157279	0.456166057005531	0.490606727984828	0.492035733089563	0.604266831691952	0.582767634556641	0.228829963331578	0.232111115516172	0.191139008869824	0.211460086299056	0.284064711480719	0.286825918825437	0.254019599135456	0.278596447541327	0.744744830827283	0.744297083797564	0.779992827867556	0.689655537004124	0.717535266978452	0.71256793501516	0.735463437823177	0.741682261460772	0.679669529180287	0.708247497154975	0.68463214101835	0.695537451661152	0.633281716945191	0.659891814538484	0.722397667051467	0.726774955208423	0.598733360571847	0.668941775407445	0.536885019651203	0.541479093183316	0.385962636988719	0.385301678140955	0.472468406854413	0.467937913685351	0.489949017765119	0.492314983303345	0.424144162411453	0.432393191278198
7-P-7	0.771795614782994	0.763126613065232	0.729567302677753	0.794567849208795	0.698312947899997	0.771414183986298	0.690179003570823	0.712967621056376	0.735274613026987	0.770911680475498	0.376643510471058	0.396470201860873	0.400165282783511	0.447010843083469	0.579050198727908	0.55837032684412	0.252913187541559	0.227377358291209	0.680639249049313	0.67336716072631	0.744690525032835	0.792365330354941	0.698625473734565	0.747864195097622	0.71572412804671	0.728277254336021	0.739481242835003	1	0.747082213295165	0.693721300575984	0.584863896421885	0.568403148297628	0.443931016928128	0.433401457426926	0.505760424787633	0.475842982039468	0.509302522649987	0.506911652124027	0.632266736680216	0.615777446167322	0.233183925075599	0.240576157031982	0.195100600406441	0.214951005850021	0.295272445768001	0.295903398939997	0.254139178349064	0.291158066445692	0.791945417732953	0.775373625576321	0.817184130600077	0.710380151510164	0.735310862206153	0.731334741022687	0.741971031132552	0.771390859198671	0.710144905455577	0.737310654642838	0.717430078003363	0.713804444147655	0.639653050659462	0.676339576564729	0.734464696404244	0.737252571808592	0.637329867119945	0.682856826682716	0.564800550849691	0.55214477979166	0.414421866403148	0.400992878521604	0.489387323190609	0.468780705757144	0.522337717052193	0.515769050173897	0.431715547477055	0.440798050065167
7-P-8	0.739402536821519	0.737686512977437	0.720499095714338	0.774404464664731	0.675697406271041	0.75322743136512	0.653974823813018	0.696483826503411	0.708175250170919	0.736791541544494	0.370342009766856	0.390527233454204	0.399515681025081	0.452121485977979	0.559679071781846	0.544452025883271	0.257494618577217	0.23482043490106	0.671964800491786	0.657846540025403	0.735530446649503	0.764937117266661	0.688342372351376	0.733885160370071	0.691879175714441	0.706770314805596	0.727703085788678	0.747082213295165	1	0.673984619500064	0.568267401103078	0.550258666641531	0.426212914428288	0.420505531871552	0.493390644252972	0.469152497973479	0.503559818465409	0.497091870531324	0.62182741141882	0.596204775751188	0.235989942202979	0.244114113308838	0.195070326446245	0.211507475163167	0.28847030602572	0.294961644699758	0.253879423973804	0.278981370932954	0.752619564585257	0.745239225024536	0.780900019777947	0.68565100465457	0.717572736074	0.723736046997881	0.717628933046243	0.737646200409033	0.677407304045146	0.716437143838342	0.692037841741787	0.690885016158381	0.622576708273035	0.663510453400147	0.713115153211791	0.710284037234208	0.62250752232374	0.663380241605825	0.556767459982739	0.544326512594496	0.404483160618377	0.387494889364752	0.469432179559296	0.463125755138799	0.498881210054329	0.504994096356927	0.427272159112483	0.43321584832798
