"cg01240931"	"cg15020645"	"cg16970232"	"cg20311501"	"cg21634602"	"cg24332422"
"cg01240931"	1	0.675689552104794	0.590448264774652	0.557766860124837	0.551135584212387	0.670649754396553
"cg15020645"	0.675689552104794	1	0.967410305879034	0.948966061048239	0.954031574868861	0.98447183459901
"cg16970232"	0.590448264774652	0.967410305879034	1	0.976670816546998	0.96153507584472	0.963528776817998
"cg20311501"	0.557766860124837	0.948966061048239	0.976670816546998	1	0.98052090737325	0.944989589461778
"cg21634602"	0.551135584212387	0.954031574868861	0.96153507584472	0.98052090737325	1	0.930261600009653
"cg24332422"	0.670649754396553	0.98447183459901	0.963528776817998	0.944989589461778	0.930261600009653	1
