chr1:27018523-27108601	90078	90078	98612	1.09474	1.09474
chr12:25357722-25407865	50143	50143	55541	1.10765	1.10765
chr17:7571719-7594868	23149	23149	38742	1.67359	1.67359
chr17:56429860-56498943	69083	69083	63987	0.926234	0.926234
chr18:48552582-48611411	58829	58829	34811	0.591732	0.591732
chr19:3976053-3989461	13408	13408	27659	2.06287	2.06287
chr20:57393972-57486251	92279	92279	129636	1.40483	1.40483
chr21:44513065-44531688	18623	18623	23735	1.2745	1.2745
chr3:30643993-30735633	91640	91640	64078	0.699236	0.699236
chr9:21963137-21999042	35905	35905	32132	0.894917	0.894917
chrX:44728420-44971858	243438	243438	213013	0.87502	0.87502
