	NP-Kun	NP-Kun	NP-Kun	NP-Kun	NP-Kun	NP-Kun	NP-Kun	NP-Kun	NP-Kun	NP-Kun	NP-Kun	NP-Kun	NP-Kun	NP-Kun	NP-Kun	NP-Kun	NP-Kun	NP-Kun	NP-Kun	NP-Kun	NP-Kun	NP-Kun	NP-Kun	NP-Kun	NP-Kun	NP-Kun	PCP	PCP	PCP	PCP	PCP	PCP	PCP	PCP	PCP	PCP
chr13:114814679-114814723	NA	0	NA	NA	NA	NA	NA	0.10996963562753	0	0.10996963562753	0	0	0	0	0	0	0	0	0.0125	0.0708333333333333	0.0142857142857143	0	0	0	0.0567137672376643	0.0781675268617816	0.0613178424021797	0.433442028985507	0.882984558238919	0.998947368421053	0.4855122096486	0.777612066215212	0.745281071585419	0.485030921459493	0.223777898256077	0.460735524256651
chr17:3865026-3865124	NA	NA	NA	NA	NA	NA	NA	0.0827067669172932	0.0151515151515152	0.0827067669172932	0.080952380952381	0	0.0151515151515152	0.0555555555555556	0.080952380952381	0.0555555555555556	0	0	0.0333333333333333	0	0.0277777777777778	0	0	0	0.0555555555555556	0.0787037037037037	0.183333333333333	0.856895356895357	0.502380952380952	0.0932539682539683	0.88030303030303	0.916760194537972	0.747916666666667	0.512380952380952	0.16468253968254	0.786946386946387
chr22:30617232-30617389	0.5	NA	NA	0	NA	NA	NA	0	0.0833333333333333	0	0	0.0555555555555556	0.0833333333333333	0.0512820512820513	0	0.0512820512820513	0.0555555555555556	0	0	0	0.0833333333333333	0	0	0	0.0750793650793651	0.534534534534535	0.812998405103668	0.324786324786325	0.923264907135875	0.943840579710145	0.102655286865813	0.753623188405797	0.979166666666667	0.804166666666667	0.0555555555555556	0.61875
chr2:236475328-236475435	0	0	NA	NA	NA	NA	NA	0.0808966861598441	0	0.0808966861598441	0	0	0	0	0	0	0	0.0238095238095238	0	0.1	NA	0	0.0833333333333333	0.0666666666666667	0.306944444444444	0.204264870931538	0.304904051172708	0.737060041407868	0.971957671957672	0.981961147086031	0.594837261503928	0.277124183006536	0.642246642246642	0.677777777777778	0.0915915915915916	0.37040887040887
chr7:653413-653421	0	0	0	0	0	0	0	0.0925925925925926	0.0277777777777778	0.0925925925925926	NA	0	0.0277777777777778	0	NA	0	0	0	0	0	NA	0	0	0	0.454663152247834	0.536666666666667	0.836026936026936	0.249732620320856	0.796455938697318	0.834716701737979	1	0.674679487179487	0.876532887402453	1	0.109375	0.545388091440723
