(
SHOX2_W:-0.01585,
SHOX2_2B:0.12325,
SHOX2_446:0.26397);
