(
SHOX2_W:0.02572,
SHOX2_2B:0.05234,
SHOX2_446:0.15367);
